10 93
15 34
18 38
1 66
13 38
14 86
5 15
2 33
15 47
18 35
4 51
16 98
19 83
7 67
16 53
14 52
9 86
16 95
19 30
18 77
7 11
16 42
9 72
7 21
8 14
2 83
16 24
7 57
6 2
19 74
14 66
2 70
11 91
16 7
16 47
19 61
17 36
11 77
14 90
17 26
3 10
18 48
6 1
15 68
14 86
19 61
10 4
17 21
1 66
8 16
15 75
3 53
6 33
17 29
6 2
3 32
13 3
9 2
7 16
4 4
13 25
5 44
18 23
17 49
6 46
17 18
15 43
17 30
11 57
9 62
1 8
8 31
15 1
15 60
4 9
8 70
1 12
11 37
17 60
18 31
10 5
12 46
14 64
17 33
7 17
17 60
9 58
15 90
14 53
16 9
1 92
8 41
19 33
18 19
7 32
11 20
7 48
7 19
5 60
13 0
3 43
3 30
13 35
12 59
16 50
16 73
3 28
8 3
4 40
4 83
8 61
2 9
3 83
10 3
15 70
8 24
2 3
14 43
6 94
8 78
10 27
16 8
6 0
14 15
4 60
4 33
2 27
1 39
17 80
19 95
3 81
17 24
4 44
15 97
12 5
11 61
9 5
2 6
17 2
4 31
12 34
11 73
11 27
16 34
15 41
10 47
6 69
18 98
12 30
17 24
15 17
18 11
3 12
5 89
3 63
10 77
7 6
13 89
5 76
15 77
7 92
17 14
16 45
8 64
3 5
10 73
6 76
2 28
3 80
5 39
16 7
4 0
8 33
3 70
9 45
15 55
13 99
11 77
19 20
3 79
17 27
19 71
18 18
18 88
2 86
17 41
13 46
17 69
14 71
13 68
6 48
5 6
16 1
4 72
4 74
3 25
16 79
17 68
8 28
16 76
10 56
10 85
3 48
11 14
4 16
4 0
3 86
14 13
7 66
5 94
9 85
4 51
19 29
16 49
5 94
8 4
9 97
5 45
17 71
1 45
1 50
2 48
14 87
16 65
15 69
17 8
14 86
18 65
3 83
8 37
16 86
19 11
15 61
7 15
11 64
14 22
12 69
15 36
11 84
1 55
5 41
19 40
11 3
1 31
11 77
9 43
1 19
3 13
3 64
1 85
12 26
7 76
3 27
5 40
6 13
11 52
16 48
14 15
10 89
1 90
12 77
4 47
10 91
15 99
16 89
17 26
9 16
17 79
6 45
4 6
15 36
10 65
9 48
8 51
14 77
16 31
3 69
11 44
14 89
10 5
18 26
12 97
6 8
9 43
14 5
16 8
8 44
8 29
17 11
3 8
5 65
11 74
4 83
6 68
6 41
10 64
3 95
5 82
6 18
9 73
13 29
11 49
2 58
9 59
8 98
2 52
2 15
6 31
3 70
11 0
5 49
12 62
8 4
5 98
8 48
16 18
19 71
11 28
19 81
1 15
16 86
15 61
1 33
5 64
4 87
3 1
2 96
12 48
7 65
4 30
1 68
13 5
16 0
7 96
11 6
4 26
18 24
17 86
11 23
7 77
7 76
11 26
11 61
6 28
13 87
6 14
18 9
3 99
19 4
15 57
17 5
13 75
9 72
12 26
19 52
6 16
17 62
7 97
12 58
9 13
18 6
4 82
8 89
13 7
7 17
3 6
7 59
3 29
9 43
1 65
16 44
9 9
19 7
17 44
14 38
2 95
6 53
6 99
17 82
17 71
11 15
7 84
15 92
16 86
16 16
1 96
4 95
13 97
12 65
5 80
19 73
6 46
18 53
3 46
18 8
7 62
6 24
12 27
1 19
17 76
16 85
5 7
15 21
12 47
13 28
10 56
1 48
3 3
13 13
17 43
6 30
3 88
10 88
3 27
18 28
4 21
4 93
19 44
9 9
16 20
19 57
19 16
16 45
5 65
17 22
9 86
15 30
16 76
11 67
9 22
2 0
10 90
12 3
12 58
17 73
18 37
1 2
6 85
18 64
6 91
17 41
10 96
17 39
12 65
9 21
19 78
5 46
10 30
17 36
15 15
6 88
12 12
1 89
4 77
15 89
12 97
14 6
18 57
12 4
13 36
14 95
2 72
8 76
4 20
10 68
11 70
1 64
16 45
12 76
1 83
17 48
11 67
17 80
16 74
6 13
13 57
2 42
8 42
16 19
6 90
17 27
17 14
9 82
12 62
11 83
3 7
5 12
1 8
11 11
1 83
4 46
12 49
10 86
4 26
11 29
4 85
2 45
11 18
3 68
4 57
11 0
10 26
1 5
14 22
7 32
15 27
15 62
6 17
5 88
9 69
11 17
8 22
19 27
3 20
12 67
13 53
14 93
17 89
17 21
7 55
19 97
17 83
16 50
4 66
4 75
8 59
4 97
1 44
16 18
2 6
15 86
19 3
10 8
1 7
5 21
18 7
16 52
16 49
16 75
16 69
1 3
7 84
7 8
15 30
19 23
7 5
14 42
7 79
15 68
18 42
16 86
6 49
18 64
4 7
18 36
19 33
13 3
2 9
18 64
11 83
11 93
5 95
10 97
5 79
14 51
17 83
8 17
14 47
4 36
16 47
1 66
12 53
17 56
15 64
4 69
8 51
12 80
9 77
16 98
7 93
4 33
11 76
15 4
1 56
19 41
12 56
17 39
5 93
1 29
8 97
16 84
16 93
17 49
14 9
4 1
5 59
5 99
3 84
14 49
6 69
17 91
19 37
9 55
9 56
10 63
17 12
7 76
16 3
17 82
4 65
7 73
12 3
13 1
8 9
9 92
16 74
18 63
5 71
11 63
8 64
6 58
2 55
13 54
7 11
13 57
16 38
17 65
5 98
5 88
3 93
3 49
2 65
6 61
4 30
18 43
10 12
12 72
2 23
15 83
13 69
7 14
2 67
9 48
17 52
8 19
1 0
19 81
13 97
4 36
7 53
2 9
2 80
16 52
14 79
7 88
10 70
12 87
7 19
13 58
13 7
14 7
10 81
8 41
2 0
13 53
9 89
5 97
16 29
4 27
18 83
1 89
8 54
1 53
5 51
12 13
18 12
16 71
10 55
14 0
13 90
5 25
12 92
19 74
16 83
6 43
14 46
8 24
13 57
19 32
18 72
9 7
1 6
11 51
1 46
19 71
16 75
15 9
5 98
15 48
17 51
15 46
1 70
15 7
7 99
4 58
13 43
2 40
12 25
12 45
18 78
3 13
7 1
6 19
12 84
13 23
7 37
1 36
2 25
8 53
2 17
5 24
4 40
11 39
16 30
12 54
7 11
11 58
6 1
4 78
3 69
13 32
14 16
12 71
19 65
11 97
14 28
9 10
17 75
3 7
4 11
13 60
2 35
2 97
14 73
11 32
8 82
13 66
1 31
15 74
2 16
15 66
12 29
16 91
18 33
2 54
1 18
4 33
14 64
4 90
3 87
16 4
15 5
4 48
12 15
14 35
15 31
14 27
3 94
18 97
15 53
14 32
5 15
5 44
2 87
16 57
6 61
19 66
8 75
2 6
2 90
19 64
6 30
1 20
18 69
12 51
13 6
14 85
4 34
16 18
11 10
13 94
2 85
19 74
5 97
18 19
11 41
6 10
11 54
16 16
11 95
17 12
2 15
16 44
17 67
19 71
19 75
18 45
16 21
9 17
3 93
19 49
17 39
4 51
7 70
9 71
11 58
18 74
19 68
12 15
1 21
16 87
12 27
7 57
9 63
2 5
8 70
19 24
7 49
16 5
9 71
11 45
7 58
6 24
6 64
2 44
13 61
15 75
9 17
18 37
1 58
15 19
3 95
18 79
14 90
3 43
5 95
17 1
11 46
8 59
12 17
12 62
11 27
9 17
5 85
5 68
9 68
1 2
1 54
19 36
10 42
13 59
12 82
7 49
9 49
2 36
10 13
9 99
6 26
15 1
18 52
10 52
19 16
18 22
18 91
12 51
16 41
14 10
18 43
10 37
19 64
3 96
14 78
18 5
4 44
11 60
3 40
3 18
7 79
9 42
18 41
16 31
9 31
16 68
2 37
6 60
5 37
9 6
19 15
12 38
13 64
5 16
12 36
7 46
4 53
2 59
17 61
10 52
2 35
9 89
14 95
8 48
16 23
4 99
7 50
3 13
12 58
19 61
17 88
3 23
6 68
19 90
18 18
16 87
12 98
10 1
15 51
14 5
6 1
8 94
5 35
15 26
8 62
14 84
4 54
19 98
6 90
9 22
13 54
2 32
17 74
7 36
2 31
17 5
17 43
11 50
4 67
18 80
7 8
2 33
2 35
17 2
14 90
5 19
9 10
1 53
1 42
3 78
13 27
7 95
14 33
9 15
18 63
8 0
2 34
8 83
9 9
2 76
12 70
16 26
2 60
6 82
17 58
17 67
7 86
2 22
5 26
8 37
18 99
11 23
19 20
16 71
18 62
18 88
5 68
7 13
6 50
2 56
8 92
6 55
11 36
5 15
15 50
5 18
6 60
4 7
5 47
9 68
10 92
17 41
6 28

